# Created by Octave 4.4.1, Tue Nov 27 12:39:21 2018 GMT <unknown@PC-MATNI>
# name: itd_llr0
# type: matrix
# ndims: 3
 30 5 8
 100.00000000000003
 137.48027676613941
 179.23254372716977
 225.74372098613912
 277.55622764678088
 335.274307572211
 399.57107615161925
 471.19637025521865
 550.98549292459825
 639.86895478014083
 738.88332575100446
 849.1833236818843
 972.05528079538442
 1108.9321450575458
 1261.4101913943189
 1431.2676376472446
 1620.4853823699307
 1831.2701063120701
 2066.0800070033606
 2327.6534665572358
 2619.0409870218709
 2943.6407657124928
 3305.2383254089063
 3708.0506615905115
 4156.7754215593268
 4656.6456889840374
 5213.491012769191
 5833.805391975784
 6524.8230096417701
 7294.6025987196917
 -0.093397022819252939
 -0.17694165025311115
 -0.30136264139428753
 -0.48029241509019471
 -0.73233042877600085
 -1.0829375959597201
 -1.5680515713817531
 -2.2416030717797768
 -3.1879391008185114
 -4.5507663637587097
 -6.6027907860768416
 -9.9733572829566555
 -16.389554677213049
 -16.462789318619649
 -8.4262895061738412
 -3.6923374607264758
 -0.506762545919618
 1.7133604008563654
 3.0995159883691006
 3.5731044733402562
 2.6429749435575438
 -1.2279847453610431
 1.5557687062299894
 14.40940148613671
 19.826861804471289
 9.4326370255044072
 -2.033362889079855
 1.2420055834391881
 1.0649726160509496
 -4.2549607268652876
 -0.16666666666666666
 -0.16666666666666666
 -0.16666666666666666
 -0.16666666666666666
 -0.16666666666666666
 -0.16666666666666666
 -0.16666666666666666
 -0.16666666666666666
 -0.16666666666666666
 -0.16666666666666666
 -0.16666666666666666
 -0.16666666666666666
 0.89583333333333337
 0.25
 0.20833333333333334
 0.16666666666666666
 0.125
 0.083333333333333329
 -0.41666666666666669
 -0.39583333333333331
 0.020833333333333332
 0
 0.10416666666666667
 -0.1875
 -0.52083333333333337
 -0.083333333333333329
 0.14583333333333334
 -0.16666666666666666
 -0.16666666666666666
 -0.020833333333333332
 -0.16666666666666666
 -0.16666666666666666
 -0.16666666666666666
 -0.16666666666666666
 -0.16666666666666666
 -0.16666666666666666
 -0.16666666666666666
 -0.16666666666666666
 -0.16666666666666666
 -0.16666666666666666
 -0.16666666666666666
 -0.16666666666666666
 0.89583333333333337
 0.25
 0.20833333333333334
 0.16666666666666666
 0.125
 0.083333333333333329
 -0.41666666666666669
 -0.39583333333333331
 0.020833333333333332
 0
 0.10416666666666667
 -0.1875
 -0.52083333333333337
 -0.083333333333333329
 0.14583333333333334
 -0.16666666666666666
 -0.16666666666666666
 -0.020833333333333332
 -0.17735144194406957
 -0.17604533071902304
 -0.17545296604997476
 -0.17468828108611723
 -0.1736739994303369
 -0.17238915054464987
 -0.1697864486130867
 -0.16611180314802329
 -0.16000123342228087
 -0.1484069120301123
 -0.12348733414355452
 -0.06103933675712702
 0.13457441724194194
 0.12247495867521231
 -0.079929819909577315
 -0.14115692786088099
 -0.16533150231314067
 -0.17642505629139774
 -0.1820003711503031
 -0.17849825332556216
 -0.15899774255622906
 -0.085476283854243038
 -0.12612349903958581
 -0.25771287286397943
 -0.26872049899960693
 -0.16868044624336567
 -0.08338003718076982
 -0.16875028991913821
 -0.15951398097529132
 -0.077439351920795013
 100.00000000000003
 137.48027676613941
 179.23254372716977
 225.74372098613912
 277.55622764678088
 335.274307572211
 399.57107615161925
 471.19637025521865
 550.98549292459825
 639.86895478014083
 738.88332575100446
 849.1833236818843
 972.05528079538442
 1108.9321450575458
 1261.4101913943189
 1431.2676376472446
 1620.4853823699307
 1831.2701063120701
 2066.0800070033606
 2327.6534665572358
 2619.0409870218709
 2943.6407657124928
 3305.2383254089063
 3708.0506615905115
 4156.7754215593268
 4656.6456889840374
 5213.491012769191
 5833.805391975784
 6524.8230096417701
 7294.6025987196917
 -0.13237912433726223
 -0.25142727254680164
 -0.42989239024970005
 -0.6891894797898811
 -1.0597395124239921
 -1.5863231061983711
 -2.3382690432131215
 -3.4320392286642605
 -5.0859531785248437
 -7.7774304136944616
 -12.812078620149599
 -17.355136264471678
 -8.0416266325359747
 -1.997425825110418
 2.4460236266222672
 6.2808287237061062
 10.228619557790317
 15.540458883636493
 17.143022223539145
 2.694400871533837
 -2.8505592112348523
 1.0347199054593323
 1.06338856993345
 -2.2396938898208507
 -8.8804931908131231
 -1.0742424856537365
 2.8159306602027394
 3.906877496721191
 7.0450962769976915
 0.10704568678889648
 -0.16666666666666666
 -0.16666666666666666
 -0.16666666666666666
 -0.16666666666666666
 -0.16666666666666666
 -0.16666666666666666
 -0.16666666666666666
 -0.16666666666666666
 -0.16666666666666666
 -0.16666666666666666
 -0.16666666666666666
 1.3958333333333333
 0.33333333333333331
 0.27083333333333331
 0.20833333333333334
 -0.52083333333333337
 -0.47916666666666669
 -0.45833333333333331
 -1.0625
 -0.16666666666666666
 0
 -0.020833333333333332
 -0.33333333333333331
 -0.041666666666666664
 0.25
 -0.16666666666666666
 -0.1875
 -0.16666666666666666
 -0.1875
 -0.041666666666666664
 -0.16666666666666666
 -0.16666666666666666
 -0.16666666666666666
 -0.16666666666666666
 -0.16666666666666666
 -0.16666666666666666
 -0.16666666666666666
 -0.16666666666666666
 -0.16666666666666666
 -0.16666666666666666
 -0.16666666666666666
 1.3958333333333333
 0.33333333333333331
 0.27083333333333331
 0.20833333333333334
 -0.52083333333333337
 -0.47916666666666669
 -0.45833333333333331
 -1.0625
 -0.16666666666666666
 0
 -0.020833333333333332
 -0.33333333333333331
 -0.041666666666666664
 0.25
 -0.16666666666666666
 -0.1875
 -0.16666666666666666
 -0.1875
 -0.041666666666666664
 -0.17724734362106143
 -0.17525850368625642
 -0.17400089412953723
 -0.17250063258678675
 -0.17010473899649789
 -0.16665018234894441
 -0.160396362879382
 -0.14883397418897357
 -0.12525071372155788
 -0.069145470504972467
 0.10045410262356408
 0.28440324168208364
 -0.02384307400095435
 -0.12838150792876823
 -0.17164282770091957
 -0.20135126934500625
 -0.23636005909733657
 -0.3203520532258895
 -0.34584341778765365
 -0.10937463351231963
 -0.077464077082049457
 -0.16413356685034447
 -0.17857671461601296
 -0.14387767137752475
 -0.073433355594004476
 -0.18482146432042365
 -0.20128271960028729
 -0.20488530950501971
 -0.1839149317316382
 -0.090636533052141241
 100.00000000000003
 137.48027676613941
 179.23254372716977
 225.74372098613912
 277.55622764678088
 335.274307572211
 399.57107615161925
 471.19637025521865
 550.98549292459825
 639.86895478014083
 738.88332575100446
 849.1833236818843
 972.05528079538442
 1108.9321450575458
 1261.4101913943189
 1431.2676376472446
 1620.4853823699307
 1831.2701063120701
 2066.0800070033606
 2327.6534665572358
 2619.0409870218709
 2943.6407657124928
 3305.2383254089063
 3708.0506615905115
 4156.7754215593268
 4656.6456889840374
 5213.491012769191
 5833.805391975784
 6524.8230096417701
 7294.6025987196917
 -0.21149730345604417
 -0.40484998903151093
 -0.7007634974608572
 -1.14476970509878
 -1.8109374201669448
 -2.8314918626989583
 -4.4753528819872166
 -7.407651466027886
 -13.403843131497108
 -9.4837120274686253
 0.10860240651501113
 8.2979726052984599
 18.344743263751653
 13.961127729154475
 7.4085705632872436
 1.727196024690469
 -5.9190710038360228
 -9.6644869085499945
 -2.5749938649943434
 0.84043747669344204
 2.0159964544311024
 3.2897038305072508
 4.227919983854477
 -0.35114195793561553
 -6.0018087620468643
 3.2327064992499754
 2.2710633941152829
 -0.51487061506421683
 -2.3910663916978123
 4.9919137251978887
 -0.16666666666666666
 -0.16666666666666666
 -0.16666666666666666
 -0.16666666666666666
 -0.16666666666666666
 -0.16666666666666666
 -0.16666666666666666
 -0.16666666666666666
 1.7708333333333333
 0.58333333333333337
 0.5
 -0.77083333333333337
 -1.875
 -0.1875
 -0.1875
 -0.1875
 -0.16666666666666666
 0.58333333333333337
 0.0625
 -0.39583333333333331
 0.020833333333333332
 0
 -0.33333333333333331
 -0.041666666666666664
 0.25
 -0.1875
 -0.16666666666666666
 -0.1875
 0
 -0.16666666666666666
 -0.16666666666666666
 -0.16666666666666666
 -0.16666666666666666
 -0.16666666666666666
 -0.16666666666666666
 -0.16666666666666666
 -0.16666666666666666
 -0.16666666666666666
 -0.16666666666666666
 0.58333333333333337
 0.5
 -0.77083333333333337
 -0.79166666666666663
 -0.1875
 -0.1875
 -0.1875
 -0.16666666666666666
 0.58333333333333337
 0.0625
 -0.39583333333333331
 0.020833333333333332
 0
 -0.33333333333333331
 -0.041666666666666664
 0.25
 -0.1875
 -0.16666666666666666
 -0.1875
 0
 -0.16666666666666666
 -0.1764689770476211
 -0.1723450337435789
 -0.16843354082847262
 -0.16325099452858607
 -0.15418656019723909
 -0.13669789827726839
 -0.096116581237185514
 0.012127006638757661
 0.35806355484379143
 0.19342796951562488
 -0.11388382136278248
 -0.29081811180822353
 -0.57880224207293263
 -0.39119796484298042
 -0.24819368311110512
 -0.17171259561568697
 -0.036135314420045347
 0.01919392251156361
 -0.14497494359955632
 -0.18868292355472718
 -0.18732550538370488
 -0.19204223037079127
 -0.2148194505884353
 -0.16164980055243736
 -0.091920729501269102
 -0.23480717483287886
 -0.15729132774415755
 -0.17679313418940143
 -0.1616560249970532
 -0.20549426602391543
 100.00000000000003
 137.48027676613941
 179.23254372716977
 225.74372098613912
 277.55622764678088
 335.274307572211
 399.57107615161925
 471.19637025521865
 550.98549292459825
 639.86895478014083
 738.88332575100446
 849.1833236818843
 972.05528079538442
 1108.9321450575458
 1261.4101913943189
 1431.2676376472446
 1620.4853823699307
 1831.2701063120701
 2066.0800070033606
 2327.6534665572358
 2619.0409870218709
 2943.6407657124928
 3305.2383254089063
 3708.0506615905115
 4156.7754215593268
 4656.6456889840374
 5213.491012769191
 5833.805391975784
 6524.8230096417701
 7294.6025987196917
 -0.37756315156690712
 -0.74315439839944097
 -1.3478528703756851
 -2.3808949757015716
 -4.3179877959691062
 -8.5701081037119682
 -5.1083261750787443
 9.7215056712896715
 11.048232142599614
 6.3069480724477875
 3.1791937337520593
 -0.0075579116866946756
 -4.6698003026227726
 -10.953639778084629
 -0.90399436296227165
 9.2505131360474486
 5.4136586813925245
 -6.7690502225502129
 -1.6677198309950794
 3.099608772098108
 0.011713645554126084
 -0.3438622271855285
 -1.5301272093599132
 2.1718080453381434
 -2.2870502507843122
 1.2952931263988201
 -0.0076856237856969701
 0.040115418128592858
 0.80072259872051799
 -0.89607511551185903
 -0.16666666666666666
 -0.16666666666666666
 -0.16666666666666666
 -0.16666666666666666
 -0.16666666666666666
 -0.16666666666666666
 3.3541666666666665
 -3.5625
 -0.1875
 -0.1875
 -0.1875
 -0.1875
 -0.16666666666666666
 1.8541666666666667
 0.20833333333333334
 -0.54166666666666663
 -0.1875
 1.0416666666666667
 0.0625
 -0.39583333333333331
 0
 0
 -0.020833333333333332
 -0.3125
 0.020833333333333332
 -0.16666666666666666
 -0.16666666666666666
 -0.16666666666666666
 -0.16666666666666666
 -0.16666666666666666
 -0.16666666666666666
 -0.16666666666666666
 -0.16666666666666666
 -0.16666666666666666
 -0.16666666666666666
 -0.16666666666666666
 1.0208333333333333
 -1.3333333333333333
 -0.1875
 -0.1875
 -0.1875
 -0.1875
 -0.16666666666666666
 0.9375
 0.20833333333333334
 -0.54166666666666663
 -0.1875
 1.0416666666666667
 0.0625
 -0.39583333333333331
 0
 0
 -0.020833333333333332
 -0.3125
 0.020833333333333332
 -0.16666666666666666
 -0.16666666666666666
 -0.16666666666666666
 -0.16666666666666666
 -0.16666666666666666
 -0.1706906153013715
 -0.15845968866787843
 -0.14188090153335528
 -0.10291745554042668
 0.0083183734365716092
 0.38442687626362693
 0.24648880886358684
 -0.61131170342194541
 -0.55262099278910137
 -0.30607148498494008
 -0.22743746112016069
 -0.16910180835040375
 -0.047024723796295492
 0.17334093836252265
 -0.13911597997393133
 -0.41604377454466457
 -0.2875026463030822
 0.02434406128805694
 -0.14565110942871817
 -0.24929093068819219
 -0.14669246578046208
 -0.17791570534844905
 -0.13585332332109815
 -0.22265280261969889
 -0.13509684232246588
 -0.19177356883817398
 -0.19667372126818328
 -0.18023733072486947
 -0.21080398260834807
 -0.17704315692116859
 100.00000000000003
 137.48027676613941
 179.23254372716977
 225.74372098613912
 277.55622764678088
 335.274307572211
 399.57107615161925
 471.19637025521865
 550.98549292459825
 639.86895478014083
 738.88332575100446
 849.1833236818843
 972.05528079538442
 1108.9321450575458
 1261.4101913943189
 1431.2676376472446
 1620.4853823699307
 1831.2701063120701
 2066.0800070033606
 2327.6534665572358
 2619.0409870218709
 2943.6407657124928
 3305.2383254089063
 3708.0506615905115
 4156.7754215593268
 4656.6456889840374
 5213.491012769191
 5833.805391975784
 6524.8230096417701
 7294.6025987196917
 -0.77383071137759307
 -1.7163374782476715
 -3.8484272060701166
 -0.72851107843060081
 6.5014630548294914
 3.5002462198604913
 1.5879250640355962
 -0.39800650213332095
 -3.5464698312091727
 -6.913989838108014
 7.4757486842585621
 3.8156159069101432
 -3.0703251948762249
 -3.7775761788725633
 6.9115759966107673
 -3.3224554198314928
 0.47395918740343873
 0.77295232939136227
 -0.35561012563072525
 -0.27835821978337461
 0.29533002975027284
 -0.14341598915498838
 0.74900751821486633
 0.38029450992092007
 0.081246282939401449
 0.11162278222311314
 0.10141832323588698
 0.044330435693054747
 -0.045306705991709488
 -0.00059600836476925839
 -0.16666666666666666
 -0.16666666666666666
 -0.16666666666666666
 0.14583333333333334
 -0.1875
 -0.1875
 -0.1875
 -0.1875
 -0.16666666666666666
 3.3541666666666665
 -2.5208333333333335
 -0.1875
 -0.1875
 1.0833333333333333
 -1.6041666666666667
 0.5625
 -0.47916666666666669
 -0.020833333333333332
 0.0625
 0.020833333333333332
 0.020833333333333332
 0
 -0.020833333333333332
 -0.041666666666666664
 -0.10416666666666667
 -0.16666666666666666
 -0.16666666666666666
 -0.16666666666666666
 -0.16666666666666666
 -0.16666666666666666
 -0.16666666666666666
 -0.16666666666666666
 -0.16666666666666666
 0.14583333333333334
 -0.1875
 -0.1875
 -0.1875
 -0.1875
 -0.16666666666666666
 1.5
 -1.25
 -0.1875
 -0.1875
 1.0833333333333333
 -1.5
 0.5625
 -0.47916666666666669
 -0.020833333333333332
 0.0625
 0.020833333333333332
 0.020833333333333332
 0
 -0.020833333333333332
 -0.041666666666666664
 -0.10416666666666667
 -0.16666666666666666
 -0.16666666666666666
 -0.16666666666666666
 -0.16666666666666666
 -0.16666666666666666
 -0.14091386407400036
 -0.060308211574485564
 0.24604894622298845
 0.01066612441026177
 -0.62699311562689786
 -0.31852035049830535
 -0.22892063208957994
 -0.1617027208619479
 -0.0045552852583670639
 0.23462483011606636
 -0.54574824257914256
 -0.33204940838862806
 -0.032276552071455668
 0.0082974171898978523
 -0.47389284101249202
 -0.01406856301174072
 -0.2078470146664699
 -0.19482692940093674
 -0.17822722313475026
 -0.15220079963715816
 -0.20148568947202752
 -0.18238960070669852
 -0.21893640825355665
 -0.20529015120102548
 -0.19137412054483069
 -0.19322878645286645
 -0.18958541724201938
 -0.18344753371806286
 -0.17717203465789688
 -0.17993907519979471
 100.00000000000003
 137.48027676613941
 179.23254372716977
 225.74372098613912
 277.55622764678088
 335.274307572211
 399.57107615161925
 471.19637025521865
 550.98549292459825
 639.86895478014083
 738.88332575100446
 849.1833236818843
 972.05528079538442
 1108.9321450575458
 1261.4101913943189
 1431.2676376472446
 1620.4853823699307
 1831.2701063120701
 2066.0800070033606
 2327.6534665572358
 2619.0409870218709
 2943.6407657124928
 3305.2383254089063
 3708.0506615905115
 4156.7754215593268
 4656.6456889840374
 5213.491012769191
 5833.805391975784
 6524.8230096417701
 7294.6025987196917
 -1.7406795727239097
 2.7424879522336241
 1.532996097911552
 0.32061361080164613
 -1.3180705648102029
 -3.4338842668378105
 3.963597052221151
 0.31572364604326691
 -3.6884240646279469
 4.0665499390986319
 -1.3324342851880933
 1.296138509329833
 -0.92246116934971767
 2.0939962864743729
 -2.102641445313191
 0.29240584373950657
 1.1867218155438035
 0.51567125359547739
 0.21929796807615898
 0.14866335748103446
 0.056305337234888064
 0.0049694532071233449
 -0.021709033806936593
 -0.00016505726845854714
 0.0058854957983040905
 0.0015182300889447376
 -0.00032215739014896945
 -9.5068840086185287e-05
 -4.0904127985641182e-05
 -1.6796751878278476e-05
 -0.041666666666666664
 -0.16666666666666666
 -0.16666666666666666
 -0.1875
 -0.16666666666666666
 -0.16666666666666666
 -0.1875
 -0.1875
 -0.16666666666666666
 -0.16666666666666666
 -0.1875
 -0.10416666666666667
 -0.1875
 -0.0625
 -1.1041666666666667
 -0.22916666666666666
 0.14583333333333334
 0.083333333333333329
 0.0625
 0.041666666666666664
 0.020833333333333332
 0
 -0.33333333333333331
 -0.041666666666666664
 -0.10416666666666667
 -0.16666666666666666
 -0.1875
 -0.16666666666666666
 -0.16666666666666666
 -0.16666666666666666
 -0.041666666666666664
 -0.16666666666666666
 -0.16666666666666666
 -0.1875
 -0.16666666666666666
 -0.16666666666666666
 -0.1875
 -0.1875
 -0.16666666666666666
 -0.16666666666666666
 -0.1875
 -0.10416666666666667
 -0.1875
 -0.0625
 -1.1041666666666667
 -0.22916666666666666
 0.14583333333333334
 0.083333333333333329
 0.0625
 0.041666666666666664
 0.020833333333333332
 0
 -0.33333333333333331
 -0.041666666666666664
 -0.10416666666666667
 -0.16666666666666666
 -0.1875
 -0.16666666666666666
 -0.16666666666666666
 -0.16666666666666666
 0.12461978569572478
 -0.51143764727256558
 -0.29712241604764084
 -0.20201563580372039
 -0.066776988202833856
 0.20966147669678278
 -0.53459643519149236
 -0.20472102414128857
 0.1687580170462846
 -0.52403800490371066
 -0.067685367866864146
 -0.29559304323787278
 -0.098780328596467085
 -0.37309541189829903
 0.012699597186210261
 -0.20484502363591092
 -0.30584961460416787
 -0.24378967562882772
 -0.21251643789515853
 -0.20297977058126485
 -0.18786480396733699
 -0.18113704586214477
 -0.17523616544379206
 -0.17860656953548903
 -0.17904566745368053
 -0.17777438776920654
 -0.17712837345366531
 -0.17709455750110636
 -0.17708651325988825
 -0.17708353941429533
 100.00000000000003
 137.48027676613941
 179.23254372716977
 225.74372098613912
 277.55622764678088
 335.274307572211
 399.57107615161925
 471.19637025521865
 550.98549292459825
 639.86895478014083
 738.88332575100446
 849.1833236818843
 972.05528079538442
 1108.9321450575458
 1261.4101913943189
 1431.2676376472446
 1620.4853823699307
 1831.2701063120701
 2066.0800070033606
 2327.6534665572358
 2619.0409870218709
 2943.6407657124928
 3305.2383254089063
 3708.0506615905115
 4156.7754215593268
 4656.6456889840374
 5213.491012769191
 5833.805391975784
 6524.8230096417701
 7294.6025987196917
 0.46038461855022772
 -0.47158269001519149
 -0.29098731024611829
 0.72987507714321631
 -1.3691029146849587
 1.4190800508453185
 -1.3738257812804375
 0.86238076514203432
 0.10670567324747404
 -0.96198543310925966
 -0.20881504447903326
 0.18777876139409347
 0.12541528425917503
 -0.10418030162105303
 -0.13936439279706525
 0.072017451309205921
 -0.033548594014839485
 0.0040290133220062582
 0.0030358388610165743
 0.00020026055216312751
 -0.000148308562176555
 2.8758121266721021e-05
 4.0544488802904357e-06
 1.6708979320018307e-06
 -1.1907797978897726e-07
 -7.7519406587915243e-09
 1.080750721576818e-10
 -3.0458283031096252e-12
 -2.9701285969851399e-12
 3.3751461329364918e-14
 -0.16666666666666666
 -0.1875
 -0.16666666666666666
 -0.1875
 -0.16666666666666666
 -0.1875
 -0.16666666666666666
 -0.1875
 -0.16666666666666666
 -0.1875
 -0.1875
 -0.1875
 -0.1875
 -0.1875
 -0.27083333333333331
 0
 -0.4375
 0.083333333333333329
 0.0625
 0.041666666666666664
 -0.35416666666666669
 0
 -0.020833333333333332
 -0.041666666666666664
 -0.25
 -0.16666666666666666
 -0.16666666666666666
 -0.16666666666666666
 -0.1875
 -0.1875
 -0.16666666666666666
 -0.1875
 -0.16666666666666666
 -0.1875
 -0.16666666666666666
 -0.1875
 -0.16666666666666666
 -0.1875
 -0.16666666666666666
 -0.1875
 -0.1875
 -0.1875
 -0.1875
 -0.1875
 -0.27083333333333331
 0
 -0.4375
 0.083333333333333329
 0.0625
 0.041666666666666664
 -0.35416666666666669
 0
 -0.020833333333333332
 -0.041666666666666664
 -0.25
 -0.16666666666666666
 -0.16666666666666666
 -0.16666666666666666
 -0.1875
 -0.1875
 -0.2432348045416218
 -0.10584795599090752
 -0.10767060700990733
 -0.29907469088910149
 0.0606485335709466
 -0.41880261532996194
 0.061664809654414975
 -0.33072742469559774
 -0.20225180362136594
 0.0028324297079251933
 -0.14171347389564651
 -0.22224584336567521
 -0.21079137618009391
 -0.15253085892524301
 -0.13794537004618673
 -0.20559164805520702
 -0.16551295018301357
 -0.17973373762346836
 -0.1789412161142323
 -0.17734651425778714
 -0.17706489727570107
 -0.1771169966956567
 -0.17708855498766682
 -0.17708527948800254
 -0.17708330580615653
 -0.17708333509903421
 -0.17708333436392712
 -0.17708333337855453
 -0.17708333333513407
 -0.17708333333345339
 100.00000000000003
 137.48027676613941
 179.23254372716977
 225.74372098613912
 277.55622764678088
 335.274307572211
 399.57107615161925
 471.19637025521865
 550.98549292459825
 639.86895478014083
 738.88332575100446
 849.1833236818843
 972.05528079538442
 1108.9321450575458
 1261.4101913943189
 1431.2676376472446
 1620.4853823699307
 1831.2701063120701
 2066.0800070033606
 2327.6534665572358
 2619.0409870218709
 2943.6407657124928
 3305.2383254089063
 3708.0506615905115
 4156.7754215593268
 4656.6456889840374
 5213.491012769191
 5833.805391975784
 6524.8230096417701
 7294.6025987196917
 0.39478305259033319
 -0.37029686848955196
 0.15526986078744154
 0.3354430730231247
 0.020844657445808486
 -0.097691350625061027
 -0.025834037849796317
 0.089623287623351866
 0.032778522617266603
 -0.030135631446186376
 0.0049265177918289584
 0.0078844150898480618
 0.0028480018931268357
 0.00033478816360084108
 -0.00012943695479141967
 -3.6347320612010007e-05
 -7.0481701758199292e-06
 4.9919212879165484e-07
 -5.4554641114697985e-08
 1.781665389996798e-09
 -1.6317047547241405e-10
 -1.1493336910130561e-11
 -2.1229669176175807e-12
 -7.6268659329766447e-12
 4.3770823706831644e-12
 -5.2305121785881788e-12
 0
 0
 0
 0
 -0.1875
 -0.1875
 -0.16666666666666666
 -0.16666666666666666
 -0.16666666666666666
 -0.16666666666666666
 -0.16666666666666666
 -0.16666666666666666
 -0.1875
 -0.1875
 -0.1875
 -0.16666666666666666
 -0.16666666666666666
 -0.1875
 -0.25
 -0.35416666666666669
 -0.4375
 0.083333333333333329
 -0.41666666666666669
 0.041666666666666664
 -0.35416666666666669
 -0.35416666666666669
 -0.020833333333333332
 -0.041666666666666664
 -0.10416666666666667
 -0.1875
 -0.1875
 -0.1875
 -0.1875
 -0.16666666666666666
 -0.1875
 -0.1875
 -0.16666666666666666
 -0.16666666666666666
 -0.16666666666666666
 -0.16666666666666666
 -0.16666666666666666
 -0.16666666666666666
 -0.1875
 -0.1875
 -0.1875
 -0.16666666666666666
 -0.16666666666666666
 -0.1875
 -0.25
 -0.35416666666666669
 -0.4375
 0.083333333333333329
 -0.41666666666666669
 0.041666666666666664
 -0.35416666666666669
 -0.35416666666666669
 -0.020833333333333332
 -0.041666666666666664
 -0.10416666666666667
 -0.1875
 -0.1875
 -0.1875
 -0.1875
 -0.16666666666666666
 -0.29275562084640278
 -0.062477912331027181
 -0.24229600299424203
 -0.31442601078275123
 -0.18352799936232086
 -0.13096921812233162
 -0.16451422333891991
 -0.23439874506058625
 -0.20007104799972442
 -0.15654341092529456
 -0.18209960251890486
 -0.18509158332323258
 -0.18031615779756949
 -0.17754428957529178
 -0.17697137497556206
 -0.177041251314522
 -0.17707483372176269
 -0.17708439344593532
 -0.17708328410522731
 -0.17708333852112709
 -0.17708333329706313
 -0.17708333333633752
 -0.17708333333608964
 -0.17708333330205342
 -0.17708333334924084
 -0.17708333332724172
 -0.17708333333333756
 -0.17708333333333195
 -0.17708333333334345
 -0.17708333333333179


